Camera intrinsic parameters
[[762.887   0.    960.   ]
 [  0.    762.887 540.   ]
 [  0.      0.      1.   ]]
Pose from 1 to 2
[[ 0.214 -0.004  0.977 -0.78 ]
 [-0.004 -1.    -0.003  0.003]
 [ 0.977 -0.003 -0.214 -0.626]
 [ 0.     0.     0.     1.   ]]
Pose from 1 to 3
[[ 0.972  0.017 -0.233 -0.215]
 [-0.021  1.    -0.014  0.084]
 [ 0.233  0.019  0.972 -0.973]
 [ 0.     0.     0.     1.   ]]
Pose from 2 to 3
[[ 0.972  0.015 -0.234  0.595]
 [-0.019  1.    -0.012  0.136]
 [ 0.234  0.016  0.972 -0.792]
 [ 0.     0.     0.     1.   ]]
6 DoF Position1
[[1. 0. 0. 0.]
 [0. 1. 0. 0.]
 [0. 0. 1. 0.]
 [0. 0. 0. 1.]]
6 DoF Position12
[[ 0.214 -0.004  0.977  0.779]
 [-0.004 -1.    -0.003 -0.002]
 [ 0.977 -0.003 -0.214  0.627]
 [ 0.     0.     0.     1.   ]]
6 DoF Position13
[[ 0.972 -0.021  0.233  0.438]
 [ 0.017  1.     0.019 -0.062]
 [-0.233 -0.014  0.972  0.897]
 [ 0.     0.     0.     1.   ]]
6 DoF Position123
[[ 0.437  0.014  0.899  0.514]
 [ 0.015 -1.     0.008 -0.112]
 [ 0.899  0.01  -0.437  1.339]
 [ 0.     0.     0.     1.   ]]
