Camera intrinsic parameters
[[762.887   0.    960.   ]
 [  0.    762.887 540.   ]
 [  0.      0.      1.   ]]
Pose from 1 to 2
[[ 1.    -0.002 -0.    -0.776]
 [ 0.002  1.     0.001 -0.002]
 [ 0.    -0.001  1.    -0.631]
 [ 0.     0.     0.     1.   ]]
Pose from 1 to 3
[[ 0.971  0.014 -0.237 -0.207]
 [-0.018  1.    -0.013  0.078]
 [ 0.237  0.017  0.971 -0.975]
 [ 0.     0.     0.     1.   ]]
Pose from 2 to 3
[[-0.519  0.144 -0.843 -0.589]
 [ 0.127 -0.962 -0.242 -0.14 ]
 [-0.845 -0.233  0.481  0.796]
 [ 0.     0.     0.     1.   ]]
6 DoF Position1
[[1. 0. 0. 0.]
 [0. 1. 0. 0.]
 [0. 0. 1. 0.]
 [0. 0. 0. 1.]]
6 DoF Position12
[[ 1.     0.002  0.     0.776]
 [-0.002  1.    -0.001  0.001]
 [-0.     0.001  1.     0.631]
 [ 0.     0.     0.     1.   ]]
6 DoF Position13
[[ 0.971 -0.018  0.237  0.434]
 [ 0.014  1.     0.017 -0.059]
 [-0.237 -0.013  0.971  0.899]
 [ 0.     0.     0.     1.   ]]
6 DoF Position123
[[-0.519  0.126 -0.846 -0.551]
 [ 0.145 -0.962 -0.232  0.1  ]
 [-0.842 -0.243  0.481 -1.264]
 [ 0.     0.     0.     1.   ]]
